################################################################################
# Symmetry function scaling data.
################################################################################
# Col  Name     Description
################################################################################
# 1    e_index  Element index.
# 2    sf_index Symmetry function index.
# 3    sf_min   Symmetry function minimum.
# 4    sf_max   Symmetry function maximum.
# 5    sf_mean  Symmetry function mean.
# 6    sf_sigma Symmetry function sigma.
#########################################################################################################################
#        1          2                        3                        4                        5                        6
#  e_index   sf_index                   sf_min                   sf_max                  sf_mean                 sf_sigma
#########################################################################################################################
         1          1   7.2996238468379829E-04   6.9440331226577108E+00   4.0945211460436575E+00   1.1525236725804680E+00
         1          2   0.0000000000000000E+00   1.0436930650091069E+01   6.2328491246099726E-01   1.2922080946783330E+00
         1          3   4.4283875600396953E-04   6.0225477287504718E+00   3.4701172719562066E+00   9.8946790145469488E-01
         1          4   0.0000000000000000E+00   9.1293919246373214E+00   5.3163933426846188E-01   1.1060266614882976E+00
         1          5   2.0449037661478080E-04   4.8798863063025397E+00   2.7059442665446083E+00   7.8698735449812285E-01
         1          6   0.0000000000000000E+00   7.5017725415551384E+00   4.1931927930437518E-01   8.7773736945368552E-01
         1          7   6.1935142080711517E-05   3.5886023544352024E+00   1.8674361613356041E+00   5.5942920446527589E-01
         1          8   0.0000000000000000E+00   5.6589430225264632E+00   2.9551484694136904E-01   6.2563947522507690E-01
         1          9   9.7790290654155126E-06   2.2955720910341930E+00   1.0779835074765438E+00   3.3707281240360132E-01
         1         10   0.0000000000000000E+00   3.8557108295980740E+00   1.7743214243609978E-01   3.8384016097267154E-01
         1         11   5.6469814564716580E-07   1.1933498736856054E+00   4.7841183981801494E-01   1.5907837482668472E-01
         1         12   0.0000000000000000E+00   2.2601493557693462E+00   8.4731315235470395E-02   1.9114173131799911E-01
         1         13   2.1396305983481368E-16   1.1839609625531299E-01   7.3449241711480671E-03   4.5953222216037221E-03
         1         14   0.0000000000000000E+00   2.7802442550968792E-01   2.6245978990956319E-03   9.5438396015119532E-03
         1         15   2.9020387616016904E-14   5.3785110246901402E-01   5.7926877885515031E-02   2.9308731420737231E-02
         1         16   0.0000000000000000E+00   1.1598802196899185E+00   1.6836262935688604E-02   5.2132901151561495E-02
         1         17   2.5289113994532986E-12   1.5702672357351299E+00   3.0402230886195208E-01   1.2917975844524482E-01
         1         18   0.0000000000000000E+00   3.3218706944366114E+00   7.2549644962962317E-02   1.9440127527617737E-01
         1         19   1.4138902056966532E-10   3.3289032913271757E+00   1.0643091466611190E+00   3.9769379639304675E-01
         1         20   0.0000000000000000E+00   6.3675405897214992E+00   2.1133251253509225E-01   5.0224738452152340E-01
         1         21   5.0834746030786188E-09   5.9102507505448454E+00   2.5000668870795599E+00   8.5592516212296144E-01
         1         22   0.0000000000000000E+00   8.9374955573718768E+00   4.2131858627955315E-01   9.1603573461879795E-01
         1         23   1.1743849027634549E-07   7.0288685092746972E+00   3.9809307121139663E+00   1.2716170565498015E+00
         1         24   0.0000000000000000E+00   9.4088194536913043E+00   5.8742665131417982E-01   1.2082478787262600E+00
         1         25   1.7436225813033379E-06   6.6666232513902681E+00   4.3958714876508482E+00   1.2958560338178586E+00
         1         26   0.0000000000000000E+00   7.7860990660984051E+00   5.9733689307369398E-01   1.1993836100092023E+00
         1         27   1.6640948095808239E-05   5.3772278602491195E+00   3.5403619725940421E+00   9.4320211271233867E-01
         1         28   0.0000000000000000E+00   6.6350641705113569E+00   4.7774412728260746E-01   9.6164580338571193E-01
         1         29   1.0211315048356215E-04   3.9034648556374134E+00   2.3004181342551817E+00   5.6552968343174492E-01
         1         30   0.0000000000000000E+00   5.7949828298453916E+00   3.3357536867261534E-01   6.8803289277174429E-01
         1         31   4.0284711700531154E-04   2.4829402934096882E+00   1.3831322920957829E+00   3.3804139259023402E-01
         1         32   0.0000000000000000E+00   4.2825870897816474E+00   2.1862486316637073E-01   4.6515423778544218E-01
         1         33   1.0226720892865596E-03   1.5857232655941988E+00   8.1845827528711956E-01   2.1251215892249364E-01
         1         34   0.0000000000000000E+00   2.6355231126945000E+00   1.3163469685637250E-01   2.8363693163654957E-01
         1         35   1.0374156179585041E-03   9.2160070680646622E-01   4.4309850255179756E-01   1.2629108355238311E-01
         1         36   0.0000000000000000E+00   1.3124546161821826E+00   6.7519899246024251E-02   1.4419950656794497E-01
         1         37   5.7012911148727502E-02   1.0584800451220920E+01   6.5613522043070969E+00   1.7797742469108009E+00
         1         38   0.0000000000000000E+00   1.5473555040086660E+01   9.7882181609902619E-01   2.0086048062891986E+00
         1         39   3.8782434613612374E-02   9.1986926544698377E+00   5.6312115489893051E+00   1.5406573809567876E+00
         1         40   0.0000000000000000E+00   1.3510760721075879E+01   8.4425326310451232E-01   1.7364347762068373E+00
         1         41   2.1396691046954037E-02   7.5185193023625470E+00   4.4939540148514450E+00   1.2470329876984314E+00
         1         42   0.0000000000000000E+00   1.1106353614422819E+01   6.7918723757791688E-01   1.4024149398350314E+00
         1         43   8.5501114264112093E-03   5.6487287635374219E+00   3.2385381230134715E+00   9.1963374825864364E-01
         1         44   0.0000000000000000E+00   8.5263828144748750E+00   4.9613408680044530E-01   1.0316216073644182E+00
         1         45   2.0798915535926170E-03   3.7983198896519510E+00   2.0252691918198433E+00   5.9627772568006887E-01
         1         46   0.0000000000000000E+00   5.9281474302186403E+00   3.1791602789868967E-01   6.6974553816869797E-01
         1         47   2.3576456015210167E-04   2.1930757354319041E+00   1.0358166935565702E+00   3.2157914337828047E-01
         1         48   0.0000000000000000E+00   3.6941409939448251E+00   1.7028080179259286E-01   3.6799998752856683E-01
         1         49   8.2148100693853666E-06   1.0054088633178269E+00   3.9359465843752017E-01   1.3172015073293450E-01
         1         50   0.0000000000000000E+00   1.9588780335937215E+00   7.0651453859402150E-02   1.6067891969925113E-01
         1         51   3.8913380182419445E-08   3.7161761375179247E-01   9.5430888823497415E-02   3.5970883774263572E-02
         1         52   0.0000000000000000E+00   8.0800676212145395E-01   2.0099096136219137E-02   5.0569046409271262E-02
         1         53   2.7816989075576909E-24   1.3617179564977761E-02   1.5042231505323891E-04   2.1909213375141703E-04
         1         54   0.0000000000000000E+00   3.7034188148654806E-02   1.0856686163170743E-04   6.5511669414652668E-04
         1         55   1.9262684371010455E-21   9.0305280420550305E-02   2.1084770259178830E-03   2.1644052677793919E-03
         1         56   0.0000000000000000E+00   2.3254651050707675E-01   1.1521314304930356E-03   5.6360039983079811E-03
         1         57   8.5874810852593451E-19   4.3213061648387269E-01   2.0037792542781672E-02   1.4976132488549636E-02
         1         58   0.0000000000000000E+00   9.9025993607579976E-01   8.3341078169033005E-03   3.2940367143465994E-02
         1         59   2.4641960177633134E-16   1.3979594281894723E+00   1.2916710268547230E-01   7.2878354334441425E-02
         1         60   0.0000000000000000E+00   2.9315368578339229E+00   4.1253864793123943E-02   1.3281279119088599E-01
         1         61   4.5666137728617880E-14   2.9114367075527143E+00   5.6620244894381411E-01   2.5347552618522567E-01
         1         62   0.0000000000000000E+00   6.0297224439364880E+00   1.4062214605579867E-01   3.7743716790557957E-01
         1         63   5.4522559469984917E-12   5.3160250122672741E+00   1.6918704096559694E+00   6.4519979015875295E-01
         1         64   0.0000000000000000E+00   9.0071641214145561E+00   3.3287699020994399E-01   7.7432745574854178E-01
         1         65   4.2107773174392868E-10   7.6512255841852523E+00   3.4712244720649328E+00   1.2087480979713505E+00
         1         66   0.0000000000000000E+00   1.0369239467979364E+01   5.5672558979150089E-01   1.1773878170064942E+00
         1         67   2.1001599829391802E-08   8.2157007165161620E+00   4.9554921733273902E+00   1.6181461213691957E+00
         1         68   0.0000000000000000E+00   9.4605487820657572E+00   6.7915968562538254E-01   1.3687449738521491E+00
         1         69   6.7898697633644547E-07   7.8250020786686774E+00   5.0817366829868496E+00   1.5164364913811279E+00
         1         70   0.0000000000000000E+00   7.9836144426604632E+00   6.4387794041967339E-01   1.2844964674779504E+00
         1         71   1.4218082674174612E-05   7.1317243562811310E+00   4.0388488683069159E+00   1.0778947252186037E+00
         1         72   0.0000000000000000E+00   7.8548619402760389E+00   5.3083578562345590E-01   1.0776910735764125E+00
         1         73   1.9349857085959227E-04   5.8879744142673784E+00   2.9144198008161131E+00   7.4509225985311589E-01
         1         74   0.0000000000000000E+00   8.6269374613026208E+00   4.3715952262106633E-01   9.2170254977499166E-01
         1         75   1.7114238499571417E-03   4.7467565930640268E+00   2.3119469844502887E+00   5.9579944033528887E-01
         1         76   0.0000000000000000E+00   8.2798777049693069E+00   3.8359303793388411E-01   8.3538081673977915E-01
         1         77   5.8951428153845714E-03   4.2901662198500041E+00   2.0933231375639711E+00   5.6468449319727509E-01
         1         78   0.0000000000000000E+00   7.1606883018911605E+00   3.4202791687605411E-01   7.4447914565249773E-01
         1         79   4.9431196279618459E-03   4.0411579710474808E+00   1.9395449334600150E+00   5.6637183698849514E-01
         1         80   0.0000000000000000E+00   5.4253435325449022E+00   2.8869015165003520E-01   6.1239385822846149E-01
         1         81   5.4974812147745820E-03   3.1774191555440434E+00   1.6407567908792917E+00   5.1586143644290217E-01
         1         82   0.0000000000000000E+00   3.4048343619069152E+00   2.2060114328545000E-01   4.5386197686481589E-01
         1         83   3.6745139805372394E-03   2.0714859752276147E+00   1.1707138929175980E+00   3.7383332621131071E-01
         1         84   0.0000000000000000E+00   2.2177575062819850E+00   1.4860368469778582E-01   2.9906264502197594E-01
         1         85   1.7016852502342525E-03   1.1146289786934960E+00   6.7770784147695162E-01   2.0211715199551580E-01
         1         86   0.0000000000000000E+00   1.3234789115944590E+00   8.6194452210291608E-02   1.7185934327490779E-01
         1         87   1.4668263518522280E-03   5.2922772029481790E-01   3.1634635859386218E-01   8.5708332359159992E-02
         1         88   0.0000000000000000E+00   6.8288209167028646E-01   4.1959011582413733E-02   8.3879750079763879E-02
         1         89   2.8560364775849179E-01   1.5278967469312725E+01   9.7522581103182642E+00   2.5858973222074710E+00
         1         90   0.0000000000000000E+00   2.1844733949579165E+01   1.4326009329904132E+00   2.9199282566788409E+00
         1         91   2.0572162548313158E-01   1.3284601882611316E+01   8.4202100090987475E+00   2.2466068725341346E+00
         1         92   0.0000000000000000E+00   1.9138952159139727E+01   1.2422547760437881E+00   2.5362638514325337E+00
         1         93   1.2436633487371794E-01   1.0866982060376785E+01   6.7939847683553438E+00   1.8315177562981355E+00
         1         94   0.0000000000000000E+00   1.5797307018730478E+01   1.0091212707247166E+00   2.0661785514053972E+00
         1         95   5.7602489994923151E-02   8.2351074382414673E+00   5.0010675108186975E+00   1.3717666257591172E+00
         1         96   0.0000000000000000E+00   1.2086867554350807E+01   7.5083198954679475E-01   1.5449710592708865E+00
         1         97   1.7831977161106460E-02   5.6599390120591835E+00   3.2631863359256270E+00   9.2118871924895518E-01
         1         98   0.0000000000000000E+00   8.5068182176043212E+00   4.9866747146860446E-01   1.0353009289364576E+00
         1         99   3.0011575920946870E-03   3.4446647241946096E+00   1.8138879424903693E+00   5.3567917047855784E-01
         1        100   0.0000000000000000E+00   5.4266311368716194E+00   2.8603387228781441E-01   6.0394452875733096E-01
         1        101   2.0031573208195789E-04   1.7705266896423908E+00   8.0243401485901156E-01   2.5285346681818444E-01
         1        102   0.0000000000000000E+00   3.0813197001482870E+00   1.3432514343054822E-01   2.9326352717957899E-01
         1        103   3.2368218660016284E-06   6.9252219284686367E-01   2.5033467605567694E-01   8.6461353523144005E-02
         1        104   0.0000000000000000E+00   1.4557443478170040E+00   4.6954834572060677E-02   1.0970395037464464E-01
         1        105   2.3008644594040659E-18   4.9280426029990734E-02   1.6135954059947042E-03   1.3677829500244086E-03
         1        106   0.0000000000000000E+00   1.2618081269309595E-01   7.5220247864093309E-04   3.3293673120317869E-03
         1        107   6.8050308499562020E-16   2.8083843095770589E-01   1.6923646669563475E-02   1.0914939101782791E-02
         1        108   0.0000000000000000E+00   6.4377092326887986E-01   6.1957709464297321E-03   2.2673322376570069E-02
         1        109   1.2980360587819213E-13   1.0555598977811640E+00   1.1907646392645187E-01   6.0456672860920616E-02
         1        110   0.0000000000000000E+00   2.2330838664273256E+00   3.4524853110340183E-02   1.0550802298861781E-01
         1        111   1.5988580605760143E-11   2.5513739357771636E+00   5.6331747679455368E-01   2.3613820146726625E-01
         1        112   0.0000000000000000E+00   5.3628578515738097E+00   1.3089689678008867E-01   3.4139885238475082E-01
         1        113   1.2726947597363380E-09   5.2645875062084748E+00   1.7984940969257728E+00   6.6047748894970171E-01
         1        114   0.0000000000000000E+00   8.9577434170465224E+00   3.4082834830289743E-01   7.8421413540036622E-01
         1        115   6.5532400960191430E-08   8.2681936779300553E+00   3.9045913822226805E+00   1.3182679647952882E+00
         1        116   0.0000000000000000E+00   1.1471244491348633E+01   6.2011907800254262E-01   1.3104032991962078E+00
         1        117   2.1850801030247668E-06   9.5239885290004107E+00   5.8599081132195421E+00   1.8392825345794985E+00
         1        118   0.0000000000000000E+00   1.1535703736765084E+01   8.1590899043961640E-01   1.6487721408924634E+00
         1        119   4.7234015083678219E-05   9.3217699907624638E+00   6.3223021542316928E+00   1.7985361402367603E+00
         1        120   0.0000000000000000E+00   1.0123567066239017E+01   8.3187679945949222E-01   1.6639943030478210E+00
         1        121   6.6275207277916308E-04   8.9457864907155447E+00   5.3911980918534601E+00   1.3734625412603716E+00
         1        122   0.0000000000000000E+00   1.1744761044273261E+01   7.4318000491518876E-01   1.5126134691785644E+00
         1        123   6.0474108595912623E-03   7.8966576901002012E+00   4.3709762457987242E+00   1.0619658852304688E+00
         1        124   0.0000000000000000E+00   1.2631963065516066E+01   6.7018952877372084E-01   1.4109993714454498E+00
         1        125   3.0743604304479477E-02   7.3975044862511377E+00   4.0258718898449271E+00   1.0136012409498243E+00
         1        126   0.0000000000000000E+00   1.2421905936500261E+01   6.3980966562689390E-01   1.3691512750391546E+00
         1        127   4.1024460335878581E-02   7.8718665959236587E+00   4.0975447918294590E+00   1.1318813541261212E+00
         1        128   0.0000000000000000E+00   1.1064289426718382E+01   6.0944439351234925E-01   1.2828855935386299E+00
         1        129   3.9914381065791059E-02   7.1502967527194912E+00   3.9805087163095974E+00   1.1758742588326556E+00
         1        130   0.0000000000000000E+00   8.2921074219540216E+00   5.4296387090933418E-01   1.1109951710998180E+00
         1        131   5.0455142806255807E-02   5.4962311988781041E+00   3.3454891063423040E+00   9.7671336461504421E-01
         1        132   0.0000000000000000E+00   6.6152687178451934E+00   4.3785032114185091E-01   8.7843813063469067E-01
         1        133   5.1737048964735612E-02   3.6620695553549747E+00   2.3666597734522434E+00   6.3864546863458815E-01
         1        134   0.0000000000000000E+00   4.8399448354264063E+00   3.1470257823167230E-01   6.2886299145556412E-01
         1        135   3.5655964974603861E-02   2.1814882133094766E+00   1.4317945173322666E+00   3.5882210976479040E-01
         1        136   0.0000000000000000E+00   3.2373904971230831E+00   1.9921048154809010E-01   4.0176179221057085E-01
         1        137   2.8064718008283616E-02   1.1847683135039968E+00   7.5620327170696888E-01   1.8522091654933837E-01
         1        138   0.0000000000000000E+00   1.8397600465208483E+00   1.0931373623333687E-01   2.2374950201184643E-01
         1        139   1.1631170268284585E-02   5.6139234149679684E-01   3.4597274029706621E-01   8.7761478523999500E-02
         1        140   0.0000000000000000E+00   8.7308403080753050E-01   5.0763774587022602E-02   1.0521006781971831E-01
         1        141   0.0000000000000000E+00   2.3757797668186509E+00   5.8744899802653761E-01   3.1188651740206058E-01
         1        142   0.0000000000000000E+00   3.6843570258380978E+00   9.8435556187391804E-02   2.1232512366977255E-01
         1        143   0.0000000000000000E+00   3.6843570258380978E+00   9.8435556187391804E-02   2.1232512366977255E-01
         1        144   0.0000000000000000E+00   5.9827724419850901E+00   1.6989702373887403E+00   8.8550145456025153E-01
         1        145   0.0000000000000000E+00   1.0223420961252319E+01   2.9777265179185186E-01   6.2043287007457126E-01
         1        146   0.0000000000000000E+00   1.0223420961252319E+01   2.9777265179185186E-01   6.2043287007457126E-01
         1        147   0.0000000000000000E+00   8.7737493663405774E-01   1.8252029380440959E-01   9.9820366307084352E-02
         1        148   0.0000000000000000E+00   1.6020277823091624E+00   3.1709015713711049E-02   7.4415640251106752E-02
         1        149   0.0000000000000000E+00   1.6020277823091624E+00   3.1709015713711049E-02   7.4415640251106752E-02
         1        150   0.0000000000000000E+00   4.4843676118004971E+00   1.2940415331666137E+00   6.7333516894640277E-01
         1        151   0.0000000000000000E+00   8.0410723386057192E+00   2.3104611131817140E-01   4.8222132013273206E-01
         1        152   0.0000000000000000E+00   8.0410723386057192E+00   2.3104611131817140E-01   4.8222132013273206E-01
         1        153   0.0000000000000000E+00   2.3912534902376167E-01   3.2085005607357435E-02   2.0257456204155411E-02
         1        154   0.0000000000000000E+00   6.0705078008779889E-01   6.6052128288986121E-03   2.0099885903018949E-02
         1        155   0.0000000000000000E+00   6.0705078008779889E-01   6.6052128288986121E-03   2.0099885903018949E-02
         1        156   0.0000000000000000E+00   2.7269184793660521E+00   7.8624322518375445E-01   4.0802288535394421E-01
         1        157   0.0000000000000000E+00   5.3012796994275933E+00   1.4709720134720924E-01   3.1115604555111859E-01
         1        158   0.0000000000000000E+00   5.3012796994275933E+00   1.4709720134720924E-01   3.1115604555111859E-01
         1        159   6.4026281359986167E-07   6.6268199382713524E+00   2.0114740038173058E+00   9.8334742951841148E-01
         1        160   0.0000000000000000E+00   9.2632773821056063E+00   3.2405190575211701E-01   6.4187312780980366E-01
         1        161   0.0000000000000000E+00   9.2632773821056063E+00   3.2405190575211701E-01   6.4187312780980366E-01
         1        162   2.7222943522944659E-06   1.6218605855655628E+01   5.6490253798742289E+00   2.7034093696229649E+00
         1        163   0.0000000000000000E+00   2.4283592021110302E+01   9.4860792530838456E-01   1.8294919164281647E+00
         1        164   0.0000000000000000E+00   2.4283592021110302E+01   9.4860792530838456E-01   1.8294919164281647E+00
         1        165   1.5046033422180366E-07   2.8062746383092567E+00   7.2984632165629926E-01   3.7107192537745215E-01
         1        166   0.0000000000000000E+00   4.3234087699775561E+00   1.1950675803066470E-01   2.5007456778131093E-01
         1        167   0.0000000000000000E+00   4.3234087699775561E+00   1.1950675803066470E-01   2.5007456778131093E-01
         1        168   2.0202944204599317E-06   1.2444238928414782E+01   4.3673976977132165E+00   2.0907366800423355E+00
         1        169   0.0000000000000000E+00   1.9244433507312973E+01   7.4406277758693362E-01   1.4371241119573248E+00
         1        170   0.0000000000000000E+00   1.9244433507312973E+01   7.4406277758693362E-01   1.4371241119573248E+00
         1        171   1.9894921073313677E-09   1.0148505607749700E+00   1.9946952976159044E-01   1.1245001532397338E-01
         1        172   0.0000000000000000E+00   1.7383357390947189E+00   3.4623368918389227E-02   8.1965847557070759E-02
         1        173   0.0000000000000000E+00   1.7383357390947189E+00   3.4623368918389227E-02   8.1965847557070759E-02
         1        174   1.1247801017254720E-06   8.1768241361166947E+00   2.8088379734197124E+00   1.3499474735575294E+00
         1        175   0.0000000000000000E+00   1.3554790310564714E+01   4.9440427783285201E-01   9.6428335532275788E-01
         1        176   0.0000000000000000E+00   1.3554790310564714E+01   4.9440427783285201E-01   9.6428335532275788E-01
         1        177   1.1753676338065942E-13   3.6928807269192288E-01   5.4084190881412766E-02   3.4577942848274479E-02
         1        178   0.0000000000000000E+00   7.7014753275346914E-01   1.0328401361971488E-02   2.8847476469987806E-02
         1        179   0.0000000000000000E+00   7.7014753275346914E-01   1.0328401361971488E-02   2.8847476469987806E-02
         1        180   3.6819463418684588E-07   4.2231647218296322E+00   1.3695858351668413E+00   6.6629628073821201E-01
         1        181   0.0000000000000000E+00   7.9040167773020817E+00   2.5741924996762999E-01   5.1792821147226653E-01
         1        182   0.0000000000000000E+00   7.9040167773020817E+00   2.5741924996762999E-01   5.1792821147226653E-01
         1        183   8.2939760840753347E-28   1.4978091317109996E-01   1.0677410964823501E-02   9.4907852337522570E-03
         1        184   0.0000000000000000E+00   4.6005408942652581E-01   2.2113547439226661E-03   8.7554026145859314E-03
         1        185   0.0000000000000000E+00   4.6005408942652581E-01   2.2113547439226661E-03   8.7554026145859314E-03
         1        186   1.8754517955448218E-08   8.7517236502819329E-01   2.2996345426763165E-01   1.2331649471898691E-01
         1        187   0.0000000000000000E+00   2.3132620127021872E+00   5.1161471646173129E-02   1.1985395795270787E-01
         1        188   0.0000000000000000E+00   2.3132620127021872E+00   5.1161471646173129E-02   1.1985395795270787E-01
         1        189   2.5631666752273091E-04   1.4962477805095073E+01   5.2471841186546415E+00   2.4318049370818535E+00
         1        190   0.0000000000000000E+00   1.9462229331326078E+01   8.2330449053004928E-01   1.5582880650657756E+00
         1        191   0.0000000000000000E+00   1.9462229331326078E+01   8.2330449053004928E-01   1.5582880650657756E+00
         1        192   1.2594346499706778E-03   3.6791573493491185E+01   1.4383821030372008E+01   6.5389401638193849E+00
         1        193   0.0000000000000000E+00   5.0382448318694181E+01   2.3433726681006508E+00   4.3503501713588175E+00
         1        194   0.0000000000000000E+00   5.0382448318694181E+01   2.3433726681006508E+00   4.3503501713588175E+00
         1        195   4.3515502165138437E-05   6.7547938994722800E+00   2.1194128817969555E+00   1.0158648652605677E+00
         1        196   0.0000000000000000E+00   9.3457247121304956E+00   3.3350091625849559E-01   6.5245767414693601E-01
         1        197   0.0000000000000000E+00   9.3457247121304956E+00   3.3350091625849559E-01   6.5245767414693601E-01
         1        198   1.0604394931046932E-03   2.8758711630437620E+01   1.1256049793514297E+01   5.1225285538889649E+00
         1        199   0.0000000000000000E+00   4.0432426320388011E+01   1.8535690938291010E+00   3.4440621408261776E+00
         1        200   0.0000000000000000E+00   4.0432426320388011E+01   1.8535690938291010E+00   3.4440621408261776E+00
         1        201   9.0547141081423975E-07   2.7022095116087788E+00   7.1870166345640774E-01   3.6773003902662477E-01
         1        202   0.0000000000000000E+00   3.9766079821157523E+00   1.1518160777461321E-01   2.3927829287468816E-01
         1        203   0.0000000000000000E+00   3.9766079821157523E+00   1.1518160777461321E-01   2.3927829287468816E-01
         1        204   7.8693490875039339E-04   1.9618334046160346E+01   7.5517604703516348E+00   3.4564446432495495E+00
         1        205   0.0000000000000000E+00   2.8832150050169730E+01   1.2706953605709645E+00   2.3754267222715040E+00
         1        206   0.0000000000000000E+00   2.8832150050169730E+01   1.2706953605709645E+00   2.3754267222715040E+00
         1        207   1.2960237791298117E-09   1.0889886340045651E+00   2.4875903718922157E-01   1.3550622634387346E-01
         1        208   0.0000000000000000E+00   1.8286411758391177E+00   4.1304268638084889E-02   9.2580057043309280E-02
         1        209   0.0000000000000000E+00   1.8286411758391177E+00   4.1304268638084889E-02   9.2580057043309280E-02
         1        210   5.0452277869110788E-04   1.1060623685119824E+01   4.0852227403170174E+00   1.8958078475616371E+00
         1        211   0.0000000000000000E+00   1.7515808287914883E+01   7.1501591464353886E-01   1.3615659728097478E+00
         1        212   0.0000000000000000E+00   1.7515808287914883E+01   7.1501591464353886E-01   1.3615659728097478E+00
         1        213   2.2314615374701191E-18   4.6487812916063120E-01   7.2949724777703132E-02   5.3443361967969318E-02
         1        214   0.0000000000000000E+00   1.0051075308082333E+00   1.0594498690959776E-02   2.8813353235075570E-02
         1        215   0.0000000000000000E+00   1.0051075308082333E+00   1.0594498690959776E-02   2.8813353235075570E-02
         1        216   2.8687195931604588E-05   2.9017804688784659E+00   9.5071577060335932E-01   4.6787190325440375E-01
         1        217   0.0000000000000000E+00   5.8971042397160360E+00   1.8243834177302376E-01   3.7513330262041056E-01
         1        218   0.0000000000000000E+00   5.8971042397160360E+00   1.8243834177302376E-01   3.7513330262041056E-01
         2          1   0.0000000000000000E+00   5.5093618325725782E+00   1.1259247912916110E+00   1.3042245689885510E+00
         2          2   0.0000000000000000E+00   1.4913101593735243E+01   4.5303954741139192E+00   2.7061852423886221E+00
         2          3   0.0000000000000000E+00   4.7608980009770061E+00   9.6037284797277511E-01   1.1178765959549786E+00
         2          4   0.0000000000000000E+00   1.2954484619694702E+01   3.8676145047240147E+00   2.3508745346155333E+00
         2          5   0.0000000000000000E+00   3.8406534417516962E+00   7.5747376937328281E-01   8.8842692587943961E-01
         2          6   0.0000000000000000E+00   1.0553438715346545E+01   3.0626446647353771E+00   1.9153019596244818E+00
         2          7   0.0000000000000000E+00   3.0818836644063614E+00   5.3382888902649928E-01   6.3357402005281804E-01
         2          8   0.0000000000000000E+00   7.8981160789624623E+00   2.1847056664984734E+00   1.4317117122460763E+00
         2          9   0.0000000000000000E+00   2.2383657068048093E+00   3.2051994833629199E-01   3.8751705294123040E-01
         2         10   0.0000000000000000E+00   5.3578189297077561E+00   1.3529754220245354E+00   9.5708557115138426E-01
         2         11   0.0000000000000000E+00   1.3995535804673924E+00   1.5306176439547753E-01   1.9072504624096864E-01
         2         12   0.0000000000000000E+00   3.2015608859823672E+00   6.9197032970045258E-01   5.5236601475202030E-01
         2         13   0.0000000000000000E+00   1.7919442642943148E-01   4.7411701818605833E-03   8.6479914188119632E-03
         2         14   0.0000000000000000E+00   5.4703092119862895E-01   4.1419587343885664E-02   6.5395581154634189E-02
         2         15   0.0000000000000000E+00   7.8631148633378312E-01   3.0413644631871555E-02   4.8016079043378977E-02
         2         16   0.0000000000000000E+00   2.0145695221566462E+00   2.1660087261707850E-01   2.8390675424323231E-01
         2         17   0.0000000000000000E+00   2.2345017324331913E+00   1.3105634715378367E-01   1.8472946790272712E-01
         2         18   0.0000000000000000E+00   5.0350714469445075E+00   7.6348452849950710E-01   8.1245778066871654E-01
         2         19   0.0000000000000000E+00   4.1175337672467931E+00   3.8175882379327652E-01   4.9723526242844163E-01
         2         20   0.0000000000000000E+00   8.5134571331012605E+00   1.8360204971837502E+00   1.5539202049519130E+00
         2         21   0.0000000000000000E+00   4.9662737953761695E+00   7.6108539103097272E-01   9.4374517615879572E-01
         2         22   0.0000000000000000E+00   1.0934078430240097E+01   3.0857777889211708E+00   2.0640952911555894E+00
         2         23   0.0000000000000000E+00   5.8423241981738334E+00   1.0611491094314558E+00   1.2769935589646371E+00
         2         24   0.0000000000000000E+00   1.1099879692112546E+01   3.7968633344360856E+00   2.0864315647719516E+00
         2         25   0.0000000000000000E+00   5.6676868891627548E+00   1.0790513346604786E+00   1.2687508803007037E+00
         2         26   0.0000000000000000E+00   1.0312487088233974E+01   3.7189995289670232E+00   1.8506221275504802E+00
         2         27   0.0000000000000000E+00   4.6633769289877476E+00   8.6301456372108809E-01   9.9117786725919976E-01
         2         28   0.0000000000000000E+00   9.7228787453644330E+00   3.2217338622961629E+00   1.6161277463460553E+00
         2         29   0.0000000000000000E+00   3.3022299730653444E+00   6.0258281540906067E-01   6.8154228872126599E-01
         2         30   0.0000000000000000E+00   8.4626380647150334E+00   2.5985352148565952E+00   1.4039005248531355E+00
         2         31   0.0000000000000000E+00   2.2291802660604518E+00   3.9493199419800928E-01   4.4803615666094315E-01
         2         32   0.0000000000000000E+00   6.0366389601900723E+00   1.8750199140008021E+00   1.0673006351844163E+00
         2         33   0.0000000000000000E+00   1.4244496013176098E+00   2.3778975813732792E-01   2.7239732545797984E-01
         2         34   0.0000000000000000E+00   3.5664830451754685E+00   1.1347936855416956E+00   6.4098302745635816E-01
         2         35   0.0000000000000000E+00   7.4315899337562841E-01   1.2197042948856522E-01   1.4067327552063297E-01
         2         36   0.0000000000000000E+00   1.6600782299283934E+00   5.5300514782774735E-01   2.9783129514107981E-01
         2         37   0.0000000000000000E+00   8.3527870194214646E+00   1.7681797312427963E+00   2.0108223494737714E+00
         2         38   0.0000000000000000E+00   2.2566808581519268E+01   7.1810226071214815E+00   4.0835742055714039E+00
         2         39   0.0000000000000000E+00   7.2698087935849891E+00   1.5250901474655776E+00   1.7409167895833477E+00
         2         40   0.0000000000000000E+00   1.9662559747543302E+01   6.1838493510074590E+00   3.5598960369351160E+00
         2         41   0.0000000000000000E+00   5.9343937365001924E+00   1.2269088075602943E+00   1.4090892034861493E+00
         2         42   0.0000000000000000E+00   1.6112564939639412E+01   4.9679593534149475E+00   2.9183674357007749E+00
         2         43   0.0000000000000000E+00   4.4358023070197365E+00   8.9623486300641320E-01   1.0394171684728122E+00
         2         44   0.0000000000000000E+00   1.2183002251898031E+01   3.6326551340707223E+00   2.2073551247487062E+00
         2         45   0.0000000000000000E+00   3.1494456139463054E+00   5.7429520625928865E-01   6.7631724415204952E-01
         2         46   0.0000000000000000E+00   8.3478253290426032E+00   2.3505777960247216E+00   1.5115766334256124E+00
         2         47   0.0000000000000000E+00   2.1338353705934816E+00   3.0760150356004423E-01   3.7084613759929957E-01
         2         48   0.0000000000000000E+00   5.1558952400408264E+00   1.3015467863380610E+00   9.1861756014114182E-01
         2         49   0.0000000000000000E+00   1.2217009656895035E+00   1.2762738492578901E-01   1.5974161040893034E-01
         2         50   0.0000000000000000E+00   2.8003113745471389E+00   5.8601843972798240E-01   4.7832517689556536E-01
         2         51   0.0000000000000000E+00   5.3313127671377691E-01   3.6307746537565543E-02   4.8702734671063334E-02
         2         52   0.0000000000000000E+00   1.2540491855557732E+00   1.9564127130253939E-01   1.9682491949587697E-01
         2         53   0.0000000000000000E+00   2.6374007800592892E-02   1.9611917211539474E-04   6.0578493327854098E-04
         2         54   0.0000000000000000E+00   9.4086746897843326E-02   3.1031997955774811E-03   7.4327797850480852E-03
         2         55   0.0000000000000000E+00   1.5754123442033138E-01   2.0812525932906467E-03   5.1152634007581516E-03
         2         56   0.0000000000000000E+00   5.3043726903042776E-01   2.5614243662800098E-02   5.1661059303088418E-02
         2         57   0.0000000000000000E+00   6.5263671011233770E-01   1.5055038902350904E-02   2.9743803810724626E-02
         2         58   0.0000000000000000E+00   1.9464592388585005E+00   1.4358697273685375E-01   2.3735553751233709E-01
         2         59   0.0000000000000000E+00   2.0180100909059240E+00   7.4522498745831986E-02   1.2177741500215174E-01
         2         60   0.0000000000000000E+00   4.9018755709154043E+00   5.5077998139487683E-01   7.2407619661859501E-01
         2         61   0.0000000000000000E+00   4.0696760251231030E+00   2.5402501694401503E-01   3.5981020427932425E-01
         2         62   0.0000000000000000E+00   8.4687224482340717E+00   1.4618986145386168E+00   1.4808155749506275E+00
         2         63   0.0000000000000000E+00   5.3628255931890214E+00   6.0132123886660727E-01   7.7911673196247866E-01
         2         64   0.0000000000000000E+00   1.1037903118683921E+01   2.7314902606387248E+00   2.0785643110248944E+00
         2         65   0.0000000000000000E+00   5.8438462379558400E+00   1.0056895826624439E+00   1.2447667601465244E+00
         2         66   0.0000000000000000E+00   1.1823885257711890E+01   3.7216234521107210E+00   2.1529652392254670E+00
         2         67   0.0000000000000000E+00   7.0340194059916241E+00   1.2268590366998287E+00   1.4840683663307992E+00
         2         68   0.0000000000000000E+00   1.0655660558732126E+01   3.9712798157921125E+00   1.9458439694188219E+00
         2         69   0.0000000000000000E+00   6.7688560234136190E+00   1.1631247944408676E+00   1.3792863329050813E+00
         2         70   0.0000000000000000E+00   1.0648955438792060E+01   3.7703611034745013E+00   1.8175470948564076E+00
         2         71   0.0000000000000000E+00   5.8489935743463217E+00   9.5892128814462618E-01   1.1104808839154525E+00
         2         72   0.0000000000000000E+00   1.2421778709498204E+01   3.6417490991990400E+00   1.8884180665754469E+00
         2         73   0.0000000000000000E+00   4.7914618973206773E+00   7.8970104109341155E-01   9.0385474071720151E-01
         2         74   0.0000000000000000E+00   1.2938011116325342E+01   3.6358022036473163E+00   2.0822574101053211E+00
         2         75   0.0000000000000000E+00   4.2280688904084274E+00   6.9293657289297983E-01   7.9755657493430854E-01
         2         76   0.0000000000000000E+00   1.1728054241422560E+01   3.4611542201545680E+00   2.0565933137919488E+00
         2         77   0.0000000000000000E+00   3.8409081156070455E+00   6.1785180938207551E-01   7.1434126359598782E-01
         2         78   0.0000000000000000E+00   9.4751811891730764E+00   2.9791396330858877E+00   1.7031942516928409E+00
         2         79   0.0000000000000000E+00   3.1801076735919125E+00   5.2150050842895934E-01   6.0258453884441676E-01
         2         80   0.0000000000000000E+00   6.8443053633434081E+00   2.3079195162759332E+00   1.2215714142209428E+00
         2         81   0.0000000000000000E+00   2.4727577438797415E+00   3.9850201929587820E-01   4.6009914208471303E-01
         2         82   0.0000000000000000E+00   5.0149771782632815E+00   1.6249363943269342E+00   8.1489520214903965E-01
         2         83   0.0000000000000000E+00   1.5980905748881085E+00   2.6844316192073531E-01   3.1015430369205854E-01
         2         84   0.0000000000000000E+00   3.4210299239763198E+00   1.0428611849129639E+00   5.3321076909206777E-01
         2         85   0.0000000000000000E+00   9.5113797185415572E-01   1.5570482884332718E-01   1.7999436221865966E-01
         2         86   0.0000000000000000E+00   2.1175969172244868E+00   6.0032149925571132E-01   3.2576925012737495E-01
         2         87   0.0000000000000000E+00   4.6414165250696643E-01   7.5796301842438255E-02   8.7529165295074110E-02
         2         88   0.0000000000000000E+00   1.1235242134137891E+00   2.9851223646598996E-01   1.6945252398436375E-01
         2         89   0.0000000000000000E+00   1.1988658722109305E+01   2.5879030187215259E+00   2.9096353048088468E+00
         2         90   1.0314980899734584E-03   3.2319332919120086E+01   1.0579463194634938E+01   5.8501172895788791E+00
         2         91   0.0000000000000000E+00   1.0457664622489036E+01   2.2440547195751881E+00   2.5300733494053591E+00
         2         92   6.3010945017081133E-04   2.8220102037302336E+01   9.1579222386918655E+00   5.1073555304515237E+00
         2         93   0.0000000000000000E+00   8.5834066306996064E+00   1.8229137805413407E+00   2.0647884722134018E+00
         2         94   2.9413574782040608E-04   2.3197464836121839E+01   7.4217066012359236E+00   4.1986358576806069E+00
         2         95   0.0000000000000000E+00   6.4988428634406468E+00   1.3563305227261440E+00   1.5482043705802673E+00
         2         96   9.0607873642598716E-05   1.7639787023001464E+01   5.5085890092915113E+00   3.1934046466505110E+00
         2         97   0.0000000000000000E+00   4.4398399195517406E+00   9.0081126225294106E-01   1.0413068828313401E+00
         2         98   1.4695670475947114E-05   1.2222530668292027E+01   3.6598112514378931E+00   2.2128399915933796E+00
         2         99   0.0000000000000000E+00   2.9082894048916805E+00   5.1670210768681479E-01   6.0915688614582320E-01
         2        100   8.8498360466106054E-07   7.6372321599270947E+00   2.1255082437587509E+00   1.3804013008908491E+00
         2        101   0.0000000000000000E+00   1.8167650031149449E+00   2.4264987978787322E-01   2.9466909029420707E-01
         2        102   1.1574000564256148E-08   4.3198687004720968E+00   1.0444822718359963E+00   7.6206149478629892E-01
         2        103   0.0000000000000000E+00   9.2763141212981670E-01   8.4820940245345547E-02   1.0808981150290473E-01
         2        104   1.4392332148342794E-11   2.1253732951977278E+00   4.0728111801483685E-01   3.5453440150362675E-01
         2        105   0.0000000000000000E+00   8.3718666844104797E-02   1.3588062246345949E-03   3.0113615657937627E-03
         2        106   4.1247167402725152E-32   2.7882653198787133E-01   1.4982727265874116E-02   2.8262959449623457E-02
         2        107   0.0000000000000000E+00   4.2232712511746401E-01   1.1192268528056342E-02   2.0535589972867484E-02
         2        108   6.9962778457828696E-29   1.2418005545890216E+00   9.8044558689128355E-02   1.5353370729604085E-01
         2        109   0.0000000000000000E+00   1.5277960682037754E+00   6.2366964538173371E-02   9.7437450249583807E-02
         2        110   7.6098603561092702E-26   3.7418524903299266E+00   4.3429574020177697E-01   5.5018755565640676E-01
         2        111   0.0000000000000000E+00   3.5906686969364312E+00   2.3645696894205426E-01   3.2749021449074017E-01
         2        112   5.3117047759587553E-23   7.6943182809252288E+00   1.3154898254011163E+00   1.3119763097261459E+00
         2        113   0.0000000000000000E+00   5.4951860127534804E+00   6.1568486458946414E-01   7.8921461803894732E-01
         2        114   2.3791326496202261E-20   1.1402092285621658E+01   2.7735529987481136E+00   2.1301978098565066E+00
         2        115   0.0000000000000000E+00   6.3171080355091549E+00   1.1202059114813749E+00   1.3748913140472490E+00
         2        116   6.8393077704783376E-18   1.3390249169050930E+01   4.2189409265131861E+00   2.5179449946175301E+00
         2        117   0.0000000000000000E+00   8.0939762001798865E+00   1.4738880107757473E+00   1.7627354318249251E+00
         2        118   1.2621605218291196E-15   1.3568066630914622E+01   4.9854521258923290E+00   2.5184605840451626E+00
         2        119   0.0000000000000000E+00   8.3139106968660794E+00   1.5027328483109628E+00   1.7543624945974847E+00
         2        120   1.4957160460727076E-13   1.4788745080885056E+01   5.1953801792633101E+00   2.5337204238063058E+00
         2        121   0.0000000000000000E+00   7.5785797827435628E+00   1.3425076962352993E+00   1.5297646726464149E+00
         2        122   1.1385882024446622E-11   1.7600114028712106E+01   5.3925997086902555E+00   2.8107140860323501E+00
         2        123   0.0000000000000000E+00   6.8059436499427877E+00   1.2106550154261833E+00   1.3696359959063429E+00
         2        124   5.5755538042701481E-10   1.8552761501132427E+01   5.6176286236088506E+00   3.1638798889921631E+00
         2        125   0.0000000000000000E+00   6.6671670998026578E+00   1.1557757132175011E+00   1.3151853136913458E+00
         2        126   1.7535153509841628E-08   1.7190123551404181E+01   5.5039897277441492E+00   3.1055499766934447E+00
         2        127   0.0000000000000000E+00   6.2097606731201074E+00   1.1009227687862155E+00   1.2561872416779969E+00
         2        128   3.5480437832181924E-07   1.4512397269347122E+01   4.9179315141964990E+00   2.6172668283500924E+00
         2        129   0.0000000000000000E+00   5.5579650473942506E+00   9.8082990749552945E-01   1.1194440949650515E+00
         2        130   4.6221655494176523E-06   1.2184534854344157E+01   4.0526945792253448E+00   2.0586473099523666E+00
         2        131   0.0000000000000000E+00   4.3828495227641087E+00   7.9094892495003899E-01   9.0198355242059913E-01
         2        132   5.6029701924159798E-07   9.7449449895593165E+00   3.1319386812199168E+00   1.6212559096819135E+00
         2        133   0.0000000000000000E+00   3.1475237632791129E+00   5.6849031258493887E-01   6.4573421036626233E-01
         2        134   1.2888879007629394E-08   7.4430216804411264E+00   2.2553062299603357E+00   1.2217340170634674E+00
         2        135   0.0000000000000000E+00   1.9733419744604430E+00   3.5986114115055001E-01   4.0595448189137706E-01
         2        136   1.9010782087076381E-10   4.8188351311632305E+00   1.4647421748219054E+00   8.1201061174287636E-01
         2        137   0.0000000000000000E+00   1.0482438233126565E+00   1.9746835386702516E-01   2.2135701132057664E-01
         2        138   1.7979301808218784E-12   2.6716996323030027E+00   8.2436554638559190E-01   4.5516978184943579E-01
         2        139   0.0000000000000000E+00   5.2855324197541109E-01   9.1701549587315870E-02   1.0251980713244677E-01
         2        140   1.0902690000423018E-14   1.2375273866148611E+00   3.8883484003570096E-01   2.1030291869410625E-01
         2        141   0.0000000000000000E+00   2.1107786105336817E+00   1.0087862467848917E-01   1.8379640322869428E-01
         2        142   0.0000000000000000E+00   4.1481984836359089E+00   2.6719116717476371E-01   4.3124206317379604E-01
         2        143   0.0000000000000000E+00   4.1481984836359089E+00   2.6719116717476371E-01   4.3124206317379604E-01
         2        144   0.0000000000000000E+00   4.0720557499369345E+00   2.5698391535609683E-01   4.5777726143956221E-01
         2        145   0.0000000000000000E+00   1.1089751437907811E+01   7.5117430544510055E-01   1.1821846727398622E+00
         2        146   0.0000000000000000E+00   1.1089751437907811E+01   7.5117430544510055E-01   1.1821846727398622E+00
         2        147   0.0000000000000000E+00   1.0312355013894487E+00   3.5718804849116451E-02   6.6640514575237050E-02
         2        148   0.0000000000000000E+00   1.7733651226759755E+00   9.4603084889056444E-02   1.6547944658553926E-01
         2        149   0.0000000000000000E+00   1.7733651226759755E+00   9.4603084889056444E-02   1.6547944658553926E-01
         2        150   0.0000000000000000E+00   3.0603304370903315E+00   1.9182409552672408E-01   3.4059101965223249E-01
         2        151   0.0000000000000000E+00   8.6650610217374311E+00   5.7858622315939467E-01   9.1629376052421996E-01
         2        152   0.0000000000000000E+00   8.6650610217374311E+00   5.7858622315939467E-01   9.1629376052421996E-01
         2        153   0.0000000000000000E+00   4.3637880667973739E-01   8.1558652236729656E-03   1.6770953473530307E-02
         2        154   0.0000000000000000E+00   7.1707699076130638E-01   2.4002622975711069E-02   5.1916829617102575E-02
         2        155   0.0000000000000000E+00   7.1707699076130638E-01   2.4002622975711069E-02   5.1916829617102575E-02
         2        156   0.0000000000000000E+00   1.8506049554892823E+00   1.1446570569309111E-01   2.0218461957203671E-01
         2        157   0.0000000000000000E+00   5.7672720397091268E+00   3.6839039799515699E-01   5.9698518710157988E-01
         2        158   0.0000000000000000E+00   5.7672720397091268E+00   3.6839039799515699E-01   5.9698518710157988E-01
         2        159   0.0000000000000000E+00   4.4361185530835900E+00   3.2680017314601406E-01   5.7202180495556521E-01
         2        160   0.0000000000000000E+00   1.0113521968762450E+01   8.2722775333769505E-01   1.1923599637122768E+00
         2        161   0.0000000000000000E+00   1.0113521968762450E+01   8.2722775333769505E-01   1.1923599637122768E+00
         2        162   0.0000000000000000E+00   9.4308637953755596E+00   8.2268959150610455E-01   1.4148498042904123E+00
         2        163   0.0000000000000000E+00   2.6660540639531888E+01   2.2984119389105415E+00   3.2175062358833904E+00
         2        164   0.0000000000000000E+00   2.6660540639531888E+01   2.2984119389105415E+00   3.2175062358833904E+00
         2        165   0.0000000000000000E+00   2.3697685331644731E+00   1.2935493325162983E-01   2.3026172892631472E-01
         2        166   0.0000000000000000E+00   4.6045466111356497E+00   3.2446210104486212E-01   5.0065557366509461E-01
         2        167   0.0000000000000000E+00   4.6045466111356497E+00   3.2446210104486212E-01   5.0065557366509461E-01
         2        168   0.0000000000000000E+00   7.0970326076025056E+00   6.2524435161172043E-01   1.0729974764808425E+00
         2        169   0.0000000000000000E+00   2.1053641577327411E+01   1.7956462866177110E+00   2.5252914235813200E+00
         2        170   0.0000000000000000E+00   2.1053641577327411E+01   1.7956462866177110E+00   2.5252914235813200E+00
         2        171   0.0000000000000000E+00   1.1374323934160500E+00   3.9940982370787859E-02   7.4459426541894372E-02
         2        172   0.0000000000000000E+00   2.1504474625490020E+00   1.0417404557074643E-01   1.8367361290171783E-01
         2        173   0.0000000000000000E+00   2.1504474625490020E+00   1.0417404557074643E-01   1.8367361290171783E-01
         2        174   0.0000000000000000E+00   4.4181325175115544E+00   3.9530335552361867E-01   6.7594690984219030E-01
         2        175   0.0000000000000000E+00   1.4529823298593834E+01   1.1959053769891141E+00   1.7132825174457988E+00
         2        176   0.0000000000000000E+00   1.4529823298593834E+01   1.1959053769891141E+00   1.7132825174457988E+00
         2        177   0.0000000000000000E+00   5.6371662921468169E-01   1.2742295901614395E-02   2.5905423700825738E-02
         2        178   0.0000000000000000E+00   1.0373906875626377E+00   3.4949407884173403E-02   7.0917961381760902E-02
         2        179   0.0000000000000000E+00   1.0373906875626377E+00   3.4949407884173403E-02   7.0917961381760902E-02
         2        180   0.0000000000000000E+00   2.1209127275212878E+00   1.9292363722336542E-01   3.2850232494070086E-01
         2        181   0.0000000000000000E+00   8.3853544592627305E+00   6.3568530766324927E-01   9.5522955103640439E-01
         2        182   0.0000000000000000E+00   8.3853544592627305E+00   6.3568530766324927E-01   9.5522955103640439E-01
         2        183   0.0000000000000000E+00   2.9589329741884723E-01   2.7829570320871458E-03   7.8585930659990626E-03
         2        184   0.0000000000000000E+00   5.7157918490629167E-01   8.6571816107348272E-03   2.3589790862532371E-02
         2        185   0.0000000000000000E+00   5.7157918490629167E-01   8.6571816107348272E-03   2.3589790862532371E-02
         2        186   0.0000000000000000E+00   6.8724711220228274E-01   3.5261773387914606E-02   6.1685675908101083E-02
         2        187   0.0000000000000000E+00   2.4864681329575538E+00   1.3794933632657413E-01   2.4868965677127436E-01
         2        188   0.0000000000000000E+00   2.4864681329575538E+00   1.3794933632657413E-01   2.4868965677127436E-01
         2        189   0.0000000000000000E+00   9.1449549055962791E+00   8.1678556348174469E-01   1.3894285000669027E+00
         2        190   0.0000000000000000E+00   2.1474120650915445E+01   2.0257438708566244E+00   2.7289836607088511E+00
         2        191   0.0000000000000000E+00   2.1474120650915445E+01   2.0257438708566244E+00   2.7289836607088511E+00
         2        192   0.0000000000000000E+00   2.1818645906708948E+01   2.0434154839343508E+00   3.4356280568887700E+00
         2        193   0.0000000000000000E+00   5.5172379144701772E+01   5.5625049486242517E+00   7.2954863782309483E+00
         2        194   0.0000000000000000E+00   5.5172379144701772E+01   5.5625049486242517E+00   7.2954863782309483E+00
         2        195   0.0000000000000000E+00   4.3587601522527528E+00   3.4883594719621630E-01   6.0098013095359848E-01
         2        196   0.0000000000000000E+00   1.0198114400421280E+01   8.5110321632507091E-01   1.2046974568424054E+00
         2        197   0.0000000000000000E+00   1.0198114400421280E+01   8.5110321632507091E-01   1.2046974568424054E+00
         2        198   0.0000000000000000E+00   1.6748885411395438E+01   1.5754658676488187E+00   2.6472370835649959E+00
         2        199   0.0000000000000000E+00   4.3683059801001470E+01   4.3878642940926937E+00   5.7702999741690419E+00
         2        200   0.0000000000000000E+00   4.3683059801001470E+01   4.3878642940926937E+00   5.7702999741690419E+00
         2        201   0.0000000000000000E+00   2.1913726975315320E+00   1.2599126443588779E-01   2.2335476164894766E-01
         2        202   0.0000000000000000E+00   4.8419885771920841E+00   3.0967662418464048E-01   4.7548665480413671E-01
         2        203   0.0000000000000000E+00   4.8419885771920841E+00   3.0967662418464048E-01   4.7548665480413671E-01
         2        204   0.0000000000000000E+00   1.0978604834604988E+01   1.0391534162362417E+00   1.7444832564478117E+00
         2        205   0.0000000000000000E+00   3.0597058292285812E+01   3.0114230633091754E+00   4.0101023115367251E+00
         2        206   0.0000000000000000E+00   3.0597058292285812E+01   3.0114230633091754E+00   4.0101023115367251E+00
         2        207   0.0000000000000000E+00   1.1371417758806739E+00   4.6999162940911207E-02   8.7051128460119295E-02
         2        208   0.0000000000000000E+00   2.3926769678240776E+00   1.1737161035814528E-01   1.9593564475115391E-01
         2        209   0.0000000000000000E+00   2.3926769678240776E+00   1.1737161035814528E-01   1.9593564475115391E-01
         2        210   0.0000000000000000E+00   5.8354220541233968E+00   5.5705201353522271E-01   9.3384165617431136E-01
         2        211   0.0000000000000000E+00   1.8562026629049399E+01   1.7141143036355067E+00   2.3580493133365867E+00
         2        212   0.0000000000000000E+00   1.8562026629049399E+01   1.7141143036355067E+00   2.3580493133365867E+00
         2        213   0.0000000000000000E+00   6.2038168407796856E-01   1.2062674953274262E-02   2.6814724982039316E-02
         2        214   0.0000000000000000E+00   1.3174588885479750E+00   3.2103254596950785E-02   6.6148537653618597E-02
         2        215   0.0000000000000000E+00   1.3174588885479750E+00   3.2103254596950785E-02   6.6148537653618597E-02
         2        216   0.0000000000000000E+00   1.5707098491202323E+00   1.3287487251596497E-01   2.2428124399104796E-01
         2        217   0.0000000000000000E+00   6.0252161002226545E+00   4.5582674816396546E-01   7.0346357165762785E-01
         2        218   0.0000000000000000E+00   6.0252161002226545E+00   4.5582674816396546E-01   7.0346357165762785E-01
